INFO: 2022-08-15 02:53:04,115: Data
INFO: 2022-08-15 02:53:04,117: Data shape (110527, 14)
INFO: 2022-08-15 02:53:04,146: Percentage of women: 0.653882342398853
INFO: 2022-08-15 02:53:04,169: Percentage of men: 0.346117657601147
